"FID" "Cancer_1996" "CVD_1996" "External_1996" "LungC_1996" "Rest_1996" "Cancer_2017" "CVD_2017" "External_2017" "LungC_2017" "Rest_2017" "AllCn96" "AllCn17"
"1" "AT11" 131.975985333932 280.932258823978 55.7506004321617 89.5592697407829 127.384269139 91.987962755858 126.709303472385 45.3736357522977 46.7281334604428 75.555210218913 221.535255074715 138.716096216301
"2" "AT12" 110.582874931973 281.045349057208 71.1185323879892 66.8357168652806 98.937592118084 78.093763049991 110.337541959931 50.1442065897287 33.2296301370368 64.719046276682 177.418591797254 111.323393187028
"3" "AT13" 87.803311265777 295.954360885998 57.2128729651877 71.3881488599306 105.612024572002 75.097005380473 117.503957949121 42.5257015733399 35.462423935522 80.783990102012 159.191460125708 110.559429315995
"4" "AT21" 93.710749139292 230.705389911281 75.5697076012699 84.3873535789754 98.839925251677 77.204362342337 105.755682660628 64.592559278262 39.1223543138402 85.194555250667 178.098102718267 116.326716656177
"5" "AT22" 96.385699593176 262.156580599723 75.1572942010286 80.0593810811649 97.241621926395 81.564331116645 106.919844111266 62.8929796412336 33.5544448966801 79.404832939072 176.445080674341 115.118776013325
"6" "AT31" 105.602490318099 268.356684312471 65.8108367812553 73.5175936143911 112.436865968473 75.018159429673 107.400282971311 51.3355207942216 29.5341819966429 80.428397856911 179.12008393249 104.552341426316
"7" "AT32" 70.563698887588 219.623025223473 73.404989159754 70.2987738535552 84.980092505097 65.630565920061 108.161176922711 52.0294771062185 26.2155876475177 60.225684345813 140.862472741143 91.8461535675787
"8" "AT33" 71.274943206093 224.028999098792 61.3029141483011 82.6057538898279 81.1190810075 65.649842872691 86.503831397079 48.5901622034668 32.7655744017215 68.575085234187 153.880697095921 98.4154172744125
"9" "AT34" 77.559019608243 266.935024237059 46.3076126625228 103.96187397538 69.259134434302 69.189365118356 106.442733218917 45.122554395251 27.2412358406309 48.923948286516 181.520893583622 96.4306009589869
"10" "CH01" 134.648843320593 189.107504247587 65.3757575346332 78.5926851566883 122.422039049431 91.739147561297 88.408798526402 44.4702377549926 27.1296941232122 63.521131430983 213.241528477281 118.868841684509
"11" "CH02" 85.496642389514 182.757294892134 51.7159078497088 63.9791964753714 93.5141695679 63.997410776013 66.394233981546 29.1540491091147 25.3188211121183 39.756604359656 149.475838864885 89.3162318881313
"12" "CH03" 93.367468251806 197.012484958115 48.0361994613467 65.0037987416447 86.709766177914 55.15990820176 66.025443406345 30.194414758066 20.3728424660075 42.575563263374 158.371266993451 75.5327506677675
"13" "CH04" 91.949878064142 183.550051219244 58.1136862230109 67.0407593739152 81.871784111652 56.970292558651 75.579996876171 29.835412856552 21.1703038337112 37.195501302321 158.990637438057 78.1405963923622
"14" "CH05" 98.476496987747 205.218444654509 61.5153230559235 62.2776663712842 102.114925072445 71.886053185081 89.464978763745 31.2520222041899 25.2527458981189 42.270258691513 160.754163359031 97.1387990831999
"15" "CH06" 91.839792529101 210.88832270851 45.6551785865986 69.4864407744294 81.619752021872 71.569650968339 70.293606024418 28.509239091323 22.2660759692462 35.535790385458 161.32623330353 93.8357269375852
"16" "CH07" 110.258678351936 186.032164211283 49.7110746032855 83.7485186790164 98.880029570175 78.933912883933 68.260119123424 22.5906987982802 31.0510728702796 49.560479932772 194.007197030952 109.984985754213
"17" "CZ01" 92.143723046668 288.92775606854 55.4366562398503 90.1360169913181 69.734928226438 73.037217321899 139.743662927411 40.3363245661371 33.4869562921159 85.12925050886 182.279740037986 106.524173614015
"18" "CZ02" 123.789565675864 368.365696175405 60.9422831726169 132.207199326217 73.53343102401 97.265143691227 188.815043055905 48.7629450465848 56.4528035398374 101.870963638334 255.996765002081 153.717947231064
"19" "CZ03" 130.765273738272 311.161503662093 59.3921101218411 132.419104429138 82.920056207847 94.905440962157 170.147972123494 53.0312263892008 53.432826467316 99.158798927663 263.18437816741 148.338267429473
"20" "CZ04" 132.233413933576 352.881117078602 79.2121744414235 153.464117316811 103.057108475161 91.449887866144 203.939616870162 53.5729334650185 59.8435205899685 103.210037607322 285.697531250387 151.293408456112
"21" "CZ05" 116.015688849206 316.764071221801 59.8333741966344 107.841044762512 89.64759853303 92.279120845977 176.556698854548 49.9382858986263 48.8928637104718 95.052159957946 223.856733611718 141.171984556449
"22" "CZ06" 115.395627514742 334.843116470867 60.1749421286921 104.95512166344 87.995291396937 95.668592252365 176.886255115809 54.9857975432058 52.3270836296435 130.328355850969 220.350749178182 147.995675882008
"23" "CZ07" 112.481097023801 369.237876811406 77.3762331666768 112.095084984044 86.009490985357 101.301589411157 205.43518798629 67.468324701097 41.9188061942255 130.184496294933 224.576182007845 143.220395605382
"24" "CZ08" 130.905852752093 383.90054842583 77.8717700121763 132.718889186878 126.364678751137 111.88352218159 210.908932921409 61.4573839134884 53.6270114552583 142.973770102847 263.624741938971 165.510533636848
"25" "DE1001" 87.299020216288 276.269049586952 36.3524695399864 115.420299344026 129.204612929268 66.950559689509 117.693060493047 39.8783658777365 42.0240902444943 88.773082094448 202.719319560314 108.974649934003
"26" "DE101" 65.61277777377 262.777006405493 41.7776979611341 72.6209280123602 102.743289183833 57.812252369591 96.054935466813 48.0886656953278 33.6271969656523 82.811359751852 138.23370578613 91.4394493352433
"27" "DE102" 84.07094763823 261.322595035101 58.7556381171452 75.619931616199 123.862864941511 63.396261947145 103.443713301161 53.4786273754529 32.7828660578407 77.919677218287 159.690879254429 96.1791280049857
"28" "DE103" 92.446021901053 259.572090473922 62.4700077881027 81.9371410530724 129.524346571743 70.824880159411 112.226547134315 46.7355380027487 39.4358478990778 106.776321823688 174.383162954125 110.260728058489
"29" "DE104" 74.11765146419 244.010875029099 46.1753039196159 69.6136265653771 97.040045534199 58.346455319458 88.916886415736 39.4908605262291 32.3701733268351 76.139732814431 143.731278029567 90.7166286462931
"30" "DE105" 62.835135969097 250.259704110024 60.990028787013 76.7900813581248 104.324215576659 37.921080518031 133.397617970594 43.2934307881798 32.9118647019428 95.259895266186 139.625217327222 70.8329452199738
"31" "DE1101" 77.481201997783 266.361087110917 52.0230535998175 84.1328909402728 119.086966656354 65.126646992437 100.93381599795 33.3049465775636 36.9693847714929 89.242466167493 161.614092938056 102.09603176393
"32" "DE1201" 99.04317945309 274.102057687077 64.814654162189 99.6877933033515 113.999953639143 80.215394753646 96.674111625914 45.3439264304586 46.4491457218172 89.485121324564 198.730972756441 126.664540475463
"33" "DE1202" 98.239753702418 289.421974578971 77.9879567804462 94.7519342760367 137.441873929204 82.871910670737 154.222916114995 53.3968966877371 47.8369589700892 101.205570150832 192.991687978455 130.708869640826
"34" "DE1203" 100.280659383293 260.974740644425 69.8832723302195 99.8109668824229 110.048269307581 68.147210278302 120.475683856605 43.6735651960836 47.5631856692466 85.356548647543 200.091626265716 115.710395947549
"35" "DE1204" 84.957733292545 265.625313993376 83.4690704352671 96.8921057477349 139.433024408035 79.731976864605 103.898749886319 45.8238620239072 49.8945276104389 105.793459734841 181.84983904028 129.626504475044
"36" "DE1205" 89.765356490776 287.807916276966 94.9083550830804 123.889222345869 120.540423113165 86.113184601779 108.386808578988 42.3824904512937 56.9639296078332 103.612479781179 213.654578836645 143.077114209612
"37" "DE1301" 85.565476858389 278.748651759104 96.7386599466557 108.093730398206 174.751440893213 101.993449392659 155.041895313389 61.266628985422 53.7624050219781 119.114429509494 193.659207256595 155.755854414637
"38" "DE1302" 93.474707910283 291.924484064264 85.9336018091262 100.432140754241 132.913704723611 87.217915479626 119.10637472472 43.380969270042 51.2102123973782 107.749853597269 193.906848664524 138.428127877004
"39" "DE1303" 102.534265017619 307.818728071236 97.8547562202475 120.336631722807 158.209704321738 93.481990212311 159.333287624771 59.2199434319254 63.134143335598 126.560082038297 222.870896740426 156.616133547909
"40" "DE1304" 95.871226484645 267.929897310261 98.108859599051 109.68312045084 154.48511174195 84.029817361796 130.182143091495 58.0838681163195 51.272945824348 117.627504324766 205.554346935485 135.302763186144
"41" "DE1401" 67.885359110583 277.123839494341 50.5419546406417 80.805295357488 118.368367907911 86.324213298935 113.123493993428 45.8460959627492 38.7203166315683 93.41727088422 148.690654468071 125.044529930503
"42" "DE1402" 72.598613804973 290.507891140126 72.0166715974728 79.9842820110635 145.170137473554 89.553564056318 126.683397181721 56.8057115325746 46.4037004742951 97.354507791944 152.582895816036 135.957264530613
"43" "DE1403" 83.155439311573 309.577245448614 62.4243671875641 94.1786579314555 138.311360251816 89.282307432521 140.480705514226 49.5597469639799 44.5868962144859 114.513182452549 177.334097243029 133.869203647007
"44" "DE1404" 73.95603910941 288.198428184517 60.0681227893806 85.6794056851329 136.623923997246 84.172520714531 120.214682160721 51.7736380870159 44.9661207461803 105.011706494302 159.635444794543 129.138641460711
"45" "DE1501" 95.436195098621 299.884632968311 94.45813452113 106.584400206249 141.213721945129 97.253789646887 152.560644206581 48.5683978670123 64.1874626183499 125.145703804466 202.02059530487 161.441252265237
"46" "DE1502" 104.104953715805 299.694227491233 84.2323326488724 116.248119231035 142.377096603449 101.908885925661 139.800339540093 61.1361430500796 49.55388341213 116.732122884939 220.35307294684 151.462769337791
"47" "DE1503" 90.186923928882 304.149329786185 73.307029038673 108.645133184814 123.346662191156 95.601446288943 149.050547108717 53.3775679743305 57.1244723484044 105.119556784563 198.832057113696 152.725918637347
"48" "DE1504" 86.485775585258 297.863727275499 63.7958695603546 108.488654212703 121.775568124075 95.400647256546 160.045138335434 54.6825487727378 57.4949216266786 112.293855094513 194.974429797961 152.895568883225
"49" "DE1601" 74.67863092764 301.293535784442 66.6205300662383 97.238078450009 154.260734993469 75.794251861169 112.531014407257 43.772777088257 45.3243319441489 92.941210686256 171.916709377649 121.118583805318
"50" "DE1602" 59.687541492947 269.929265208948 67.9917036710574 96.0397925091015 126.505344779458 69.520125881004 141.901463041666 46.7681493340717 49.2411264499157 104.343492535163 155.727334002049 118.76125233092
"51" "DE1603" 92.981345418417 299.095121719572 68.1242409626224 93.6965510964473 138.808051060215 84.79159706568 120.275729842645 47.6187722307644 43.7363636610682 106.085565498874 186.677896514864 128.527960726748
"52" "DE1604" 83.596940039431 296.226179953647 67.7677798163304 82.110022768064 129.12255396931 80.707312055612 126.756364514686 48.062281961773 37.6886333248102 122.165999371102 165.706962807495 118.395945380422
"53" "DE201" 80.701572935198 206.826499068076 63.6837251178617 89.3636043554695 129.803659369833 76.977476984533 98.99038087249 44.8570012251242 39.9389753000281 78.753880450097 170.065177290668 116.916452284561
"54" "DE301" 84.868343965818 266.563282775988 55.7784898313231 79.842972993696 139.54670354853 69.586182358367 119.967767328187 40.0685934780519 39.7381273889064 76.865349614306 164.711316959514 109.324309747273
"55" "DE302" 95.182545824848 244.889511201451 61.0447130974926 90.5342609473492 120.521390999162 64.981985093013 109.07448453776 41.8321543920466 30.3923020954912 70.962509284835 185.716806772197 95.3742871885042
"56" "DE303" 96.169397520497 260.095102460023 65.4675520581605 81.2030271924569 126.699468358074 79.570397693877 146.244168423849 52.0266877432462 44.3462140153386 76.398806929615 177.372424712954 123.916611709216
"57" "DE304" 76.421194099734 226.629102539725 55.2493940501137 83.1137396356329 150.509495623892 54.042030657203 103.78375318352 33.9179669806305 42.1711238934484 88.294570863072 159.534933735367 96.2131545506514
"58" "DE305" 85.557481988568 220.504253384137 55.4544514163306 83.3809209271338 118.487248993533 59.848583937798 114.208705632554 39.4929229752973 40.0034468591488 60.724041125506 168.938402915702 99.8520307969468
"59" "DE306" 88.73006720293 199.858910666007 60.1155193248266 73.164143100801 113.035360986677 61.453091082122 101.817531840309 38.6147594682128 33.0461765597488 64.445972574298 161.894210303731 94.4992676418708
"60" "DE307" 88.172453026953 235.64330416951 63.5464444191897 75.9844889784291 133.719495526189 59.513550355322 116.069112030271 48.3472506099335 36.0590162954817 77.011014763869 164.156942005382 95.5725666508037
"61" "DE308" 92.707009776656 239.51204024804 52.979137519362 83.7266065809777 139.490665570285 72.552685454371 133.486232122845 39.9634816070663 38.7904111711843 87.570224338554 176.433616357634 111.343096625555
"62" "DE309" 78.314393858092 235.025394923466 66.1577680276291 79.337433370609 127.604261361834 60.58332181682 131.824354063855 54.3670316015235 43.8194816704671 73.751826750955 157.651827228701 104.402803487287
"63" "DE310" 69.919276592117 229.479794579422 57.3649141436647 82.4668800277227 139.687303132421 52.714763828523 125.08501001751 41.0735040791088 43.1395538316107 70.48153812834 152.38615661984 95.8543176601337
"64" "DE311" 104.815843351713 269.181849729929 53.0904580858092 90.9365448172459 154.004131175286 58.84876532532 105.475988532789 37.6083224775103 37.6716227293021 79.311406098597 195.752388168959 96.5203880546221
"65" "DE312" 84.899073977476 245.244272794746 60.2468148905529 92.4753624646273 144.032789904715 65.82877455223 138.546085865811 38.3304383360783 51.9290135444144 88.876652703511 177.374436442103 117.757788096644
"66" "DE313" 84.329953666037 254.812920741347 64.1930607377806 76.0353342221626 143.142134451146 66.730427942937 138.851533238873 40.2445571735412 28.41273430475 78.518197244445 160.3652878882 95.143162247687
"67" "DE401" 82.088392153617 270.182108675007 73.6963837700171 85.8764540611292 133.963875607992 68.87169927797 135.486177920612 48.3982999935148 39.6216606605092 72.664683158979 167.964846214746 108.493359938479
"68" "DE501" 77.081805888514 278.492099913068 41.0730371202109 103.438872359905 132.740983755307 61.214011397827 91.417633426424 32.6886095308077 47.2304155250423 82.668899206746 180.520678248419 108.444426922869
"69" "DE502" 89.094028798311 286.693269924657 41.7954440724066 93.9255835573557 115.912694714409 65.519963764863 94.56472848499 43.2127895940927 38.7826124380561 93.823942832279 183.019612355667 104.302576202919
"70" "DE503" 94.241224135186 255.419259006223 52.4254666717018 84.0219664893468 114.941879247623 63.644870790633 105.560998945883 40.5171703954278 43.9464844246859 85.192420702479 178.263190624533 107.591355215319
"71" "DE504" 95.50738771402 294.604883064214 40.6979940492217 108.572286397843 140.4727735824 82.426873353472 121.189180774081 38.3001158551538 46.4264874710193 96.539453142289 204.079674111863 128.853360824491
"72" "DE505" 66.802931595138 219.678927253521 34.7061526257176 76.7598623611133 101.911940569972 58.398873603345 73.795185622919 32.9806909741554 40.3681062516283 75.536088773205 143.562793956251 98.7669798549733
"73" "DE506" 110.417466683366 291.29239959608 39.6346530245307 107.944620571174 137.690015273566 88.606848812365 111.52024145583 34.036170032072 45.4470862748975 90.576887957848 218.36208725454 134.053935087262
"74" "DE507" 88.934038500125 282.440569501472 42.3077026322119 118.903902398933 131.219520305425 75.626784766222 104.699142530752 38.1285022971183 49.2347835897122 93.2179973204 207.837940899058 124.861568355934
"75" "DE508" 85.506784876517 274.5960496601 40.2331970245703 100.673800409073 115.527667511922 71.196140911524 98.997191147029 30.8300930856585 40.0226010356256 82.458625144079 186.18058528559 111.21874194715
"76" "DE509" 108.22808509856 286.189636349488 40.0540419154184 116.423066518401 156.443569970293 79.974227119137 111.439979063908 39.5579066193598 57.3090314023926 107.078125289639 224.651151616961 137.28325852153
"77" "DE510" 83.369594795426 242.48311156735 39.7498965352479 92.4804761899212 106.682017954771 66.878336052378 93.649049325732 34.4412664731577 39.1492555354812 74.102846185985 175.850070985347 106.027591587859
"78" "DE511" 81.453354190079 263.000789332523 41.681125265645 93.6877841526385 112.941690121648 60.809506008316 89.196708711161 33.1091856874265 44.8875050113676 79.68952781201 175.141138342717 105.697011019684
"79" "DE512" 101.245184046368 288.88883028168 47.9985093596987 91.5629696590885 114.277444645511 69.138143614874 111.613291963039 39.1391666701311 45.9328673475761 87.756283573227 192.808153705457 115.07101096245
"80" "DE513" 67.492828935071 282.158424066955 39.0925207698996 102.125276076342 126.528486849332 75.251347535043 107.714018985651 28.0738966532947 39.0704986393072 74.089746239344 169.618105011413 114.32184617435
"81" "DE601" 85.813216476915 220.159437797552 50.2778541046829 79.1675413836745 123.748198551282 62.890280170118 110.495367179281 41.6412119015238 34.8497485724084 82.938425502898 164.98075786059 97.7400287425264
"82" "DE602" 94.378154596093 254.396682333198 57.8959638038068 83.9781242155042 141.082637415168 64.233073210154 127.292483397286 42.6564728291199 35.7542786334253 86.112176935146 178.356278811597 99.9873518435793
"83" "DE603" 90.15955439728 201.301831598805 51.5573243110303 61.4353064720505 111.40120803015 57.495314846751 109.799997603581 39.3110704403285 30.504448670354 72.190291404405 151.59486086933 87.999763517105
"84" "DE604" 95.156563321699 216.692250748117 40.8315290314526 69.4300389299973 106.704418242751 60.152808792509 94.719999100155 34.1254873583659 27.8412815646801 67.912691431443 164.586602251696 87.9940903571891
"85" "DE605" 83.254794270986 200.384167760579 46.3466572846994 76.484309001414 116.935062088227 51.587922186014 99.379468263464 32.2337588188715 29.6404902909431 71.321471411964 159.7391032724 81.2284124769571
"86" "DE701" 88.402813723299 241.707540020428 44.8272303260062 91.6852563311826 118.936779192732 62.059461465056 113.178298813862 34.5902666746762 35.9863113354163 76.739781320784 180.088070054482 98.0457728004723
"87" "DE702" 83.716680383364 222.438183181455 49.9457160283202 84.0932147699113 111.425470858149 58.936830419256 105.492223262146 37.2544602227984 30.4326829637117 72.094302550141 167.809895153275 89.3695133829677
"88" "DE703" 111.09236909556 212.929337268644 56.2208236006662 83.3938332868096 125.499485841789 61.895830011345 112.883842315677 36.1437282416752 35.4448622466081 79.542947836934 194.48620238237 97.3406922579531
"89" "DE704" 96.155325738817 236.454200327091 49.931619151611 88.1373175064801 139.208590160437 58.386328260838 108.260743450643 36.8148298375233 37.7200390095764 72.904067017604 184.292643245297 96.1063672704144
"90" "DE705" 87.827416798759 249.249857888169 56.9697700538886 91.9813095044905 145.5613263575 62.794788980239 102.504544812391 39.4720110202497 34.605726208773 87.172135052371 179.80872630325 97.400515189012
"91" "DE801" 76.420174447804 233.24908803899 49.1728066640562 60.5060102416974 113.005181325847 44.727856536361 82.210315513467 46.2727728623669 27.1105478513402 66.433025359372 136.926184689501 71.8384043877012
"92" "DE802" 95.18641387111 213.827268417382 53.9786059568902 63.2294205362358 137.433424895648 53.498136399389 92.215447228545 36.7673610590085 23.0689741356709 80.408144605297 158.415834407346 76.5671105350599
"93" "DE803" 79.671391946263 207.329025680532 55.7119585757872 65.1897997950678 145.735516863304 57.188573486854 104.362527409644 41.4630957920962 24.8951313869744 91.42239658209 144.861191741331 82.0837048738284
"94" "DE804" 87.609302331935 206.793788553985 49.839924667696 68.4439644055899 127.976425465434 50.034387340886 102.154621167204 42.5480995851639 28.0521305778437 75.563407822243 156.053266737525 78.0865179187297
"95" "DE805" 103.493988304797 230.129859059329 46.3049617815347 73.1149890692045 117.332394102558 53.999083581802 104.074119959301 37.7196680444958 31.0162615658199 74.872069529669 176.608977374002 85.0153451476219
"96" "DE806" 95.529358243116 238.713785666054 46.780806729116 53.5286047677972 127.921787439242 56.846094454703 105.663425958599 38.3211002296589 35.4636780136207 78.923992376062 149.057963010913 92.3097724683237
"97" "DE807" 96.314134803972 243.205252562551 35.8936166516214 62.2919103079513 128.201795542955 50.948487758019 107.152832484366 38.7456134269802 28.8810192424426 79.314092261016 158.606045111923 79.8295070004616
"98" "DE808" 76.615110638044 232.31386668181 61.3098785400944 58.2766110751254 108.03000470867 56.313323821835 119.557656764068 34.2970260941383 28.8001318215456 90.450731545218 134.891721713169 85.1134556433806
"99" "DE809" 90.298706147822 215.799506531222 41.2754229165357 57.3848755416461 125.200594780792 53.533443465506 88.509688803307 41.483411159819 26.4713394163496 82.961781624818 147.683581689468 80.0047828818556
"100" "DE810" 92.07537385601 224.276155264087 40.3653099026205 56.6265961915129 110.092331621625 52.229822934097 87.164187693423 33.2221549703508 26.3806086747445 74.393772223189 148.701970047523 78.6104316088415
"101" "DE811" 106.29310775601 210.677054902132 57.9118425796815 64.9394048980775 118.134271049672 59.732386510335 74.248530756179 44.8958540815041 28.2713774069554 65.071947706283 171.232512654087 88.0037639172904
"102" "DE812" 102.861289037293 246.748668690217 45.4258094508007 81.3781691834716 117.499752845172 65.21226414565 92.977824362481 38.0927535435432 27.3712790238329 86.429959490896 184.239458220765 92.5835431694829
"103" "DE901" 77.325683597935 217.610012359041 48.314206320284 55.2278629215758 118.913046432314 47.285711409295 88.702165664779 38.70191888918 21.5607088222074 77.588903085998 132.553546519511 68.8464202315024
"104" "DE902" 106.358164957019 222.319222713101 47.0379562610734 65.7991485460696 132.56313323063 60.893340212617 96.982511204345 32.4198997700585 26.6039199104737 83.972694812679 172.157313503089 87.4972601230907
"105" "DE903" 90.925555975764 197.698013303452 42.0761475855518 62.7042279777933 100.523363441511 44.948272292856 95.243529690472 35.1652191141816 27.101278677256 72.336789085671 153.629783953557 72.049550970112
"106" "DE904" 91.332345314112 229.818932177491 49.1148356708932 62.3623598114473 125.416641831702 55.088986877267 94.526348079458 43.4318663356781 25.2975662262254 80.556482684925 153.694705125559 80.3865531034924
"107" "DE905" 103.796687362404 262.466337439867 48.6834276764678 92.3732968572299 148.675143042203 63.854717479049 113.709539243481 46.2180287848159 31.586051505992 117.257428282049 196.169984219634 95.440768985041
"108" "DE906" 85.225185913108 237.385273297665 35.4998755333897 65.2549162130018 135.687141274774 64.667257321318 112.144918972057 34.7424646573278 30.4110323592762 83.244088920508 150.48010212611 95.0782896805942
"109" "DE907" 107.26310930002 228.913744005337 44.1391572099507 67.2206496222111 124.259052455469 62.901922775816 87.253504535532 38.5544320979776 24.9869060207916 69.706743605459 174.483758922231 87.8888287966076
"110" "DE908" 92.122615903184 201.44227945505 59.406882056262 75.4750819114076 113.999065597404 56.816475096481 89.276656084031 38.809962253175 29.8875688688724 77.877837837896 167.597697814592 86.7040439653534
"111" "DE909" 98.027033814595 235.333883253111 47.0811657332003 60.6485209823163 140.772504694927 71.689267298879 102.251228891212 44.241855995101 24.2478833508599 89.521875205473 158.675554796911 95.9371506497389
"112" "DE910" 73.04113716026 196.78791193721 43.0098209318124 54.601627237291 99.382173925648 44.654412544349 75.812573073446 33.4281566284165 20.3669060848228 57.898268889506 127.642764397551 65.0213186291718
"113" "DE911" 97.530422847516 259.906566966288 47.653339287854 69.2312569903365 143.850708022222 65.200360200662 139.153476203337 44.442003160048 37.3482016893449 106.509973694195 166.761679837852 102.548561890007
"114" "DE912" 111.666645965514 243.157442043372 41.6074707904919 61.386834936467 143.487862698023 70.185872093856 128.884626070524 43.8277531733819 24.1312470197814 99.586781216155 173.053480901981 94.3171191136374
"115" "DE913" 84.441894248619 207.754433805476 47.4783337635206 53.5249961250522 97.393182890093 51.53492736556 96.895608504981 32.276753036586 22.6336670572387 61.021835804676 137.966890373671 74.1685944227987
"116" "DE914" 115.563153446166 259.38594779836 51.4035530318346 77.3930192642071 137.756650329085 75.00971367164 114.915238119769 44.9372372707305 36.7989845037408 91.798507426878 192.956172710373 111.808698175381
"117" "DE915" 101.810609903865 224.688332474752 52.3786841892703 75.9897247262134 133.507464764193 60.362751063684 101.418416652034 40.5809310782725 35.5769935191528 79.026658405032 177.800334630078 95.9397445828368
"118" "DE916" 88.016094144133 211.242593372999 49.9328513962107 60.4031516558245 118.032006086253 50.818806985665 76.698733949967 43.8267484290227 23.2442222583877 78.615042397784 148.419245799957 74.0630292440527
"119" "DE917" 105.258943655535 213.011956021455 49.4781129625638 63.2620433834934 133.107295623416 64.193757189622 120.660756615458 48.2039501758527 31.5975994062736 93.639454336502 168.520987039028 95.7913565958956
"120" "DE918" 98.370363086994 223.558010269099 36.2130357793107 64.6058605414025 116.590510954388 52.885456379818 96.713743693629 40.2934715634763 26.7025774651158 80.037827469118 162.976223628396 79.5880338449338
"121" "DK01" 120.102021275914 279.929289331881 49.7188271140294 63.8983947081171 114.013087687233 94.986466915613 99.509380780442 29.995692449827 15.7426001742803 79.9298305429641 184.000415984031 110.729067089893
"122" "DK02" 92.000067265771 262.872433514414 45.5563953834314 79.334594713004 107.635182995575 96.83194371642 95.860046126617 31.8327391392019 11.7965462912481 57.127363405273 171.334661978775 108.628490007668
"123" "DK03" 97.467913740072 253.483591375853 51.9960361357493 59.3894816202156 102.213921730003 92.398096199221 95.901170777263 36.6110882416284 14.6085999383498 67.446820245481 156.857395360288 107.006696137571
"124" "DK04" 79.496012309917 236.680420849405 54.1327134698793 55.284015817274 93.99999732198 91.082355767161 86.524644734619 32.4572368039061 11.276814806658 51.939504005209 134.780028127191 102.359170573819
"125" "DK05" 73.647705787222 251.314474730291 49.7462606575914 47.9357694658486 93.903490069807 94.328515309396 81.676603457346 43.7729542820194 12.5807963470042 41.937988828033 121.583475253071 106.9093116564
"126" "FR101" 103.563734878004 133.624474149867 29.0188491291441 87.9411513382234 124.566354911288 65.093592555197 57.532351012684 23.5787205528814 41.4579493843591 87.460789361301 191.504886216227 106.551541939556
"127" "FR102" 157.676926006677 138.65108605809 71.9584549588418 111.985449822586 120.28774154507 72.326902378808 89.508026465071 42.4337690167899 60.7354421358386 65.301062823331 269.662375829263 133.062344514647
"128" "FR103" 125.963063017673 156.864693099102 51.6168944178235 94.2112306316038 94.031550920582 94.729511353744 64.9853886783727 29.2465009740027 41.7691570502325 72.617548816459 220.174293649277 136.498668403977
"129" "FR104" 128.11707178839 144.757558981212 55.5243951836446 102.628658300096 107.571039801874 66.659799736079 74.689932403958 36.68987485514 52.905880332307 58.661408117295 230.745730088486 119.565680068386
"130" "FR105" 123.485149080488 142.223502153242 46.4158072529963 100.945933366456 115.382497993524 68.370163705148 67.6023734426296 28.4674724569483 46.173241433542 62.319507151577 224.431082446944 114.54340513869
"131" "FR106" 162.693755531231 143.841733420237 40.8425437656815 127.62547978923 123.249019631758 76.945852137244 64.227714486349 23.8649524797765 60.4514401031369 80.079248342422 290.319235320461 137.397292240381
"132" "FR107" 149.18325446077 144.982657742595 37.095512257407 108.392883898442 118.367283901808 62.374394419832 65.548956837081 27.2869471789413 62.1558826148645 91.82378566621 257.576138359212 124.530277034697
"133" "FR108" 152.724963151526 143.880882991564 52.2448939691752 115.623819211561 108.449412916766 65.123607962778 91.627238661581 40.9455157587166 60.5647721573049 79.898326723023 268.348782363087 125.688380120083
"134" "FRB01" 155.908936191913 185.213496669733 82.2589207100745 100.638750322388 125.821797054757 100.074756916948 85.552031034785 63.7865020166952 73.4630379844751 113.38942787175 256.547686514301 173.537794901423
"135" "FRB02" 141.675454149979 151.077248078285 74.619759944425 102.98170141606 97.303384697072 72.599273842912 75.652936609782 47.1968836901206 74.7759124543745 75.874019546592 244.657155566039 147.375186297286
"136" "FRB03" 142.832783850011 194.6937506942 77.0862565385916 91.8343492256133 141.530439000757 116.351866851757 111.292322780808 72.064161011156 54.1647431395052 104.765354100098 234.667133075624 170.516609991262
"137" "FRB04" 146.095835225654 126.825379232221 71.7550356053142 95.7278255343292 126.320153815594 113.841809208723 92.527410950228 59.4656390147175 48.0180153520724 75.021332938667 241.823660759983 161.859824560795
"138" "FRB05" 153.482533465393 145.46546996535 86.8148092645492 90.6153962674549 97.127909865955 96.468347473285 97.998270218813 75.0705118352298 72.6653747584959 79.799343137002 244.097929732848 169.133722231781
"139" "FRB06" 119.576725392746 162.268040500948 80.1362573185398 95.6757352578586 112.155208391205 108.992337323476 75.61369524704 47.7013113909523 52.0020474493886 53.267522166697 215.252460650605 160.994384772865
"140" "FRC11" 161.787596504518 172.332858952245 64.0815704408528 103.073787608998 115.882765222732 79.20112073157 66.614375012616 42.596064448708 61.5802627509322 71.440000521955 264.861384113516 140.781383482502
"141" "FRC12" 186.319361217909 214.606542213072 82.4068050805912 115.852394082109 128.244908020195 122.191148721818 125.902506432998 96.916553851208 83.4383942731007 134.728422176875 302.171755300018 205.629542994919
"142" "FRC13" 160.888588060145 164.560215604223 89.8943843721696 103.876714954195 130.299420628733 93.083576651229 87.753202389419 63.4260408403324 64.0648893024316 89.280052105305 264.76530301434 157.148465953661
"143" "FRC14" 159.2796674679 188.905053817293 80.2343822432813 106.123274641326 113.401619390683 99.045503081224 110.695690490815 80.140315489269 81.1938975692318 65.318810986411 265.402942109226 180.239400650456
"144" "FRC21" 133.760347041298 152.517932588767 57.0052099337743 118.082536687323 111.463493837407 86.493453413808 77.63104059945 45.8424652617852 61.2328914964653 85.882279296567 251.842883728621 147.726344910273
"145" "FRC22" 128.63077299694 158.006893148684 84.6322446752843 98.3607814090846 121.3463326928 94.098892575117 87.477928509528 59.404704103415 76.0717824078047 85.478113131762 226.991554406025 170.170674982922
"146" "FRC23" 128.158176324249 195.258691002368 87.3515201267119 120.473671590819 133.1824050026 92.065718893506 82.128032242548 65.7184167948608 71.0047322172939 56.69714130451 248.631847915068 163.0704511108
"147" "FRC24" 170.399893393894 137.296443000602 60.3654367557453 129.185950865492 152.807575778958 53.5424122076 93.776659268176 31.4676452437251 93.9060354911939 106.49481727239 299.585844259386 147.448447698794
"148" "FRD11" 186.64871124182 185.827235999872 74.9662970803846 122.569256804305 132.146787803047 108.40959153445 101.21539291047 64.0323431452686 55.0437712088307 73.021226328801 309.217968046125 163.453362743281
"149" "FRD12" 179.943844325706 176.015261003395 84.7079299371347 105.388721897647 128.07756183808 102.046964902429 114.885309655906 74.5983100635189 54.0605153065116 87.896692063585 285.332566223353 156.107480208941
"150" "FRD13" 168.33868414457 160.698544047514 79.0173828541035 90.7582955028072 118.40377266878 121.351818112916 84.904020487547 82.016408358518 44.818963005382 80.173024331956 259.096979647377 166.170781118298
"151" "FRD21" 141.148378141925 189.759570372565 98.3766802374635 122.643654156242 122.004416049451 89.977440702089 96.61946186754 52.799782970886 63.5412636752578 97.682370243878 263.792032298167 153.518704377347
"152" "FRD22" 184.532944156299 178.08920676787 70.8979582801102 134.515535525334 131.175947667457 122.904289238464 110.758762546474 47.7540681711084 78.7868039317973 103.377511155554 319.048479681633 201.691093170261
"153" "FRE11" 178.065496338015 216.643910692261 70.5671330778678 159.251876547308 190.887842918036 105.791956514415 97.558916390924 47.4811742919905 96.4043478978881 113.056173311952 337.317372885323 202.196304412303
"154" "FRE12" 192.842052599565 207.505465784108 84.6430070432193 154.347992580325 241.709460117877 110.341355511304 112.800022485295 71.2060904055412 87.3074418269148 143.915302109708 347.19004517989 197.648797338219
"155" "FRE21" 188.460774179625 167.622673586228 85.0425166503099 146.196395117593 166.460077766762 70.09135996707 84.736324561735 57.0757838991429 73.0237804821301 108.034906106438 334.657169297218 143.1151404492
"156" "FRE22" 157.68807870146 143.523799554883 82.3688793343679 118.798509303865 158.444544697646 82.123514255623 88.304504844632 59.0478567239662 53.900889022977 85.29484668153 276.486588005325 136.0244032786
"157" "FRE23" 169.116722592932 177.196990662829 89.83766006383 125.176299926905 131.388830748839 100.509114576425 93.621607301334 58.9047335748552 76.3787432351317 130.49665317047 294.293022519837 176.887857811557
"158" "FRF11" 159.436789064333 184.103303214576 53.1174902539262 118.017769866735 157.207795009796 88.916873652906 73.089887064676 49.880246943399 50.2554622955095 94.482345484727 277.454558931068 139.172335948415
"159" "FRF12" 148.340920568603 193.917229800313 62.94094708024 104.677558298497 135.367869367815 87.945744138538 81.095378900188 46.0870783648343 62.5675599807302 93.152682607148 253.0184788671 150.513304119268
"160" "FRF21" 156.823067367032 189.675700382667 77.6474990282094 146.452606937453 154.36037598094 83.158635264514 96.257816369321 57.444041932737 82.3042477341369 95.408199163191 303.275674304485 165.462882998651
"161" "FRF22" 176.486958238049 187.247724900234 94.4986652919862 124.853122567033 121.741996865459 86.78658190884 93.035477372979 64.920509297551 53.8770436387835 90.357446421606 301.340080805082 140.663625547623
"162" "FRF23" 153.745831176946 185.688576661547 82.157424991265 119.398999022117 126.056769865767 97.499006880732 103.217066966166 52.198317009373 57.8163276792416 104.611275465742 273.144830199063 155.315334559974
"163" "FRF24" 163.771439651018 180.022352205357 86.9987901261849 121.453565222444 147.709615852821 107.709188196086 88.400437042056 68.9275798570823 81.2934187190481 96.615747641651 285.225004873462 189.002606915134
"164" "FRF31" 148.805022786212 157.457599994735 75.0719611887548 145.88703208206 157.858521665597 100.180382577383 82.030817170213 46.2918095148867 72.773453527686 109.746673366536 294.692054868272 172.953836105069
"165" "FRF32" 168.566015970349 181.81121573049 96.3395279167359 117.595978778806 159.881112969265 88.791156547739 90.14593541113 71.0654965316752 104.947055693153 85.901064539313 286.161994749155 193.738212240892
"166" "FRF33" 159.5259989695 185.381771368375 68.4759242780188 146.576134126234 161.022187038069 82.077817489424 79.614630322949 53.4631026687023 72.7230390108908 77.798323664909 306.102133095734 154.800856500315
"167" "FRF34" 172.675963317102 188.453479032806 87.6898333701968 130.092524814311 161.638765833114 88.390797331987 76.907517445122 60.4812293447877 66.3308719334867 137.069439803054 302.768488131413 154.721669265474
"168" "FRG01" 195.407970012737 166.541594556636 85.0463318303153 87.3576038026845 140.332030230316 134.648003297257 90.790195601023 46.2969785005282 59.2090406041434 99.63924040747 282.765573815422 193.8570439014
"169" "FRG02" 153.923166991809 157.378460669298 76.4083238951112 79.5905721114983 115.63351966656 90.84076145843 78.94266212077 56.3177513643909 43.9138675398697 78.917807002409 233.513739103307 134.7546289983
"170" "FRG03" 152.868581438626 151.153185101819 76.5379566381233 65.158844413711 115.993183859852 74.359313885712 67.109239554854 66.6118070513468 46.795803640103 63.754649603261 218.027425852337 121.155117525815
"171" "FRG04" 132.409771277543 172.293931100981 73.9720284922732 85.6518700797877 126.950380873932 98.015868258768 99.893155501762 66.2138086067778 58.7771617634564 98.396697460334 218.061641357331 156.793030022224
"172" "FRG05" 195.579290644856 167.757418764757 81.5054157250487 91.7643412795912 126.156352357138 126.832467024341 92.313753202278 62.1790144005094 65.0183478034382 89.036203407963 287.343631924447 191.850814827779
"173" "FRH01" 221.023602368236 205.305489897965 108.451473183544 98.85678568604 155.07011556926 89.403754403927 84.590102420282 83.0686235631234 57.6055665617212 83.789777153054 319.880388054276 147.009320965648
"174" "FRH02" 233.716326090991 185.359274423034 104.29888279715 113.644836330604 151.84670119909 123.348541135926 89.627354685214 68.9034510626341 61.1238277959891 111.92311805565 347.361162421595 184.472368931915
"175" "FRH03" 178.973023953163 168.890121491727 72.8129283919446 74.402531864799 122.307723713169 75.44529005362 86.989315977968 61.5228176792087 51.2862878952172 80.162628243081 253.375555817962 126.731577948837
"176" "FRH04" 231.913893190932 191.488194371347 100.710232269083 93.6089143493173 148.369908383207 120.299599362597 93.19024223212 65.3107064795991 57.3326727762293 82.231326833946 325.522807540249 177.632272138826
"177" "FRI11" 125.370197145888 170.006688388334 85.1102774809972 89.2395171302793 132.99363522202 90.001833561191 85.536575707822 58.8642115186448 61.3772532253146 61.030392037483 214.609714276167 151.379086786506
"178" "FRI12" 142.14073126922 175.830773001689 68.2274037035689 113.004016697576 130.122329952737 76.831276013921 75.009781346433 44.8914219867563 64.7026989966714 76.328804662104 255.144747966796 141.533975010592
"179" "FRI13" 140.072142422373 204.139553079627 73.6091492732032 93.3531807280084 114.077928869566 93.18366076505 89.499802047354 57.0219613165509 58.2692323950455 92.039584564481 233.425323150381 151.452893160096
"180" "FRI14" 103.55307090113 147.614411121274 86.2515603369679 87.3105655147729 96.925119687512 68.643700387342 100.345725874869 64.5976288686979 47.3645202496275 74.080139479076 190.863636415903 116.008220636969
"181" "FRI15" 138.368585321462 199.215199926508 69.9975507182935 97.5924725065573 144.300360675195 93.216297941921 100.022616671348 48.567212693375 52.1500070660365 83.586683522246 235.961057828019 145.366305007958
"182" "FRI21" 173.554563489184 176.876930141373 88.0855464345822 88.2443777667445 136.008789384109 76.059702874442 111.392966665821 42.060481313562 44.485564329734 78.994674938663 261.798941255928 120.545267204176
"183" "FRI22" 171.317867316957 172.919461373861 98.0615292014348 87.3257699618831 181.715664861561 159.85473411849 102.304878752791 62.0422890343025 53.1750081625467 85.168391561112 258.64363727884 213.029742281037
"184" "FRI23" 136.182124429397 145.472376078844 67.2894464406852 86.1471579248126 135.770108122102 99.378991494331 85.555569940289 54.1215642710442 45.3025480649533 87.051869906484 222.32928235421 144.681539559284
"185" "FRI31" 131.703774762828 162.300427639635 86.0639120460726 103.101992168979 123.89940888682 77.298038785206 86.861299002467 64.9479092470562 70.6089797519605 113.32000499057 234.805766931807 147.907018537166
"186" "FRI32" 135.444850887504 155.463794991471 83.3380435820754 103.203125991029 98.287694161978 103.29740776388 88.239248803923 63.3421816276776 66.9436434803911 76.979283812114 238.647976878533 170.241051244271
"187" "FRI33" 160.202211115426 125.186328175449 70.9266978756635 76.7836041507151 108.347894225108 90.524380464081 89.047472009856 69.351278587217 65.0734689855722 73.723424605909 236.985815266141 155.597849449653
"188" "FRI34" 156.748004308492 150.544399164654 73.6913284416005 90.6403517845758 115.442201771204 77.892800390021 83.994850847737 60.6349338764936 44.170390202291 95.020112436613 247.388356093068 122.063190592312
"189" "FRJ11" 122.369694307987 155.436940271808 79.12730566598 105.059617370766 113.644117576694 92.266922855419 88.921836138962 66.4979693110305 62.236881840098 95.134233759539 227.429311678753 154.503804695517
"190" "FRJ12" 117.799757185221 164.137301655945 73.701886410876 106.921787071245 118.102170680025 88.185919099812 79.015667754772 48.7560095872864 71.0928033404456 83.85493656696 224.721544256466 159.278722440258
"191" "FRJ13" 119.148470140606 152.587396144121 69.0988129292175 102.5498111221 124.058274920343 90.898717667428 83.763083581261 44.3194716394984 57.6950269157176 99.356092649864 221.698281262706 148.593744583146
"192" "FRJ14" 106.115828168238 149.579453438449 57.0793840229376 97.7388701002361 158.503620198619 137.314177891801 98.291004842997 53.2793957041857 63.6391232745235 113.849298107476 203.854698268474 200.953301166325
"193" "FRJ15" 106.633086566313 160.39706910137 79.3811016907101 109.918537023806 106.050078041211 88.649150444826 95.6114326226 62.8713043844741 58.1491500391662 92.071625389846 216.551623590119 146.798300483992
"194" "FRJ21" 121.504518883095 141.236663342242 82.531023096754 99.6161086383496 148.344689358763 83.155069442116 98.483914107132 63.049648333395 49.970268896197 71.869370593129 221.120627521445 133.125338338313
"195" "FRJ22" 116.181824658238 144.360183746274 64.3162115221954 77.9339622320418 103.205205064766 102.109578263985 81.398871588795 71.537650322833 33.69874997357 85.083955351953 194.11578689028 135.808328237555
"196" "FRJ23" 107.237182681635 158.168484740625 44.3733784283204 97.6512699021551 119.931803358297 71.649436966482 73.818379056419 45.3877424030522 56.7539960129658 69.798576201006 204.88845258379 128.403432979448
"197" "FRJ24" 118.75323477617 163.167927169522 79.8402801316483 86.9784085535559 97.787158519119 96.178799285033 97.110804987293 61.7573956785596 63.9027566039169 90.491319393909 205.731643329726 160.08155588895
"198" "FRJ25" 116.997408671329 164.243961170243 64.4176425571338 75.9737633246316 120.180254429827 84.887891682072 91.802223424069 51.4628185654784 57.6346638897357 92.368900878504 192.971171995961 142.522555571808
"199" "FRJ26" 136.758712590063 171.288509985013 78.8811164417341 106.197905528675 139.572348617728 90.152723546941 98.679699059444 55.6109980865784 62.2654725339558 82.946706458416 242.956618118738 152.418196080897
"200" "FRJ27" 105.755443238521 144.24477873847 64.9257995464078 87.6613436924411 88.481775480126 46.493040838773 82.841333945183 53.9009504748433 59.5330495976126 73.08944214521 193.416786930962 106.026090436386
"201" "FRJ28" 89.555697227078 170.054887085214 65.9937078165426 88.4266926252219 79.308669343025 63.737482586582 83.335449857608 55.4249795759976 56.9021052461297 76.931697786346 177.9823898523 120.639587832712
"202" "FRK11" 185.266237088743 190.937121377251 87.9083334151172 97.7568170238099 122.51560746104 101.246786370055 70.857435078848 60.1214094185248 78.862032773877 95.948491881465 283.023054112553 180.108819143932
"203" "FRK12" 145.667695472404 188.513927280204 82.5993422526719 70.957606880598 144.756040265384 116.720197935431 81.528774908086 67.1448154816447 51.3826869350251 116.703261756601 216.625302353002 168.102884870456
"204" "FRK13" 144.719089212956 183.595564501589 89.8435857334286 80.217136545316 174.268900744335 95.70879567546 112.038812095238 59.6426303191138 48.310555898193 124.707765004224 224.936225758272 144.019351573653
"205" "FRK14" 172.895716636374 202.021264886742 82.7819424021622 94.2158639555388 139.19958926037 93.376475289993 85.853612133481 58.4905634405747 53.1487294409786 84.26546886277 267.111580591913 146.525204730972
"206" "FRK21" 129.570266054815 164.372795638027 78.8544428931463 87.2021908009087 127.795384295703 69.138511553067 91.372691370032 42.2468682189162 54.3846038311943 75.98450043956 216.772456855724 123.523115384261
"207" "FRK22" 144.68553608978 175.761794193759 72.2009219474712 89.6342506719024 120.286686583913 91.546130591428 78.194781848451 64.2818670883505 65.7585451466058 86.034150889744 234.319786761682 157.304675738034
"208" "FRK23" 124.520968835333 163.680215095094 76.981100617454 93.9136951022694 127.556378599846 100.014932472925 59.570267174248 54.2519693437265 65.9034286501262 61.485402240921 218.434663937602 165.918361123051
"209" "FRK24" 145.377407886315 160.003858620365 68.7406176843678 99.1403645528179 121.659965146377 74.402516148467 67.312172994271 42.8874008903957 60.8063181903019 76.413938253537 244.517772439133 135.208834338769
"210" "FRK25" 161.96842847622 164.946397990391 71.7309063408627 105.970588760579 151.661787179893 73.630869991916 91.080749362668 47.6271025562128 63.2132637585688 101.336814346132 267.939017236799 136.844133750485
"211" "FRK26" 125.299692959044 146.942836340142 52.0352895508648 107.496403460729 125.812656388255 70.888249283614 64.954107527074 36.5610391621243 54.1171555271053 87.532623737697 232.796096419773 125.005404810719
"212" "FRK27" 159.925098171752 187.40271072359 84.1918219639462 110.391980018381 158.037468702205 105.549809610598 72.965332775056 55.840804248549 35.6184154182072 75.232926621313 270.317078190133 141.168225028805
"213" "FRK28" 122.498842737362 138.350737080269 63.1852253648517 97.0460363126023 121.525230770155 80.393778026636 83.641056870004 48.6713361300259 48.9601991706098 79.373319923223 219.544879049964 129.353977197246
"214" "FRL01" 136.089426438295 182.914807107985 84.2592557385027 97.1522585081748 140.804688368987 50.364609815756 54.633144506371 70.204320718434 56.1291119220877 75.910482085971 233.24168494647 106.493721737844
"215" "FRL02" 113.884431023776 126.714328980935 68.3595359675935 70.8531525960041 152.221204116489 62.642616196285 88.563711896626 60.4443678047655 54.8690429238313 81.231439575183 184.73758361978 117.511659120116
"216" "FRL03" 120.599367722191 150.971555243905 46.3211813780495 97.5420387916978 126.979326412296 76.023960816565 65.718285491893 58.166322554229 49.1360661809731 97.992512143497 218.141406513889 125.160026997538
"217" "FRL04" 130.997205156518 166.97463045195 61.553278190885 116.619750502172 124.70505949763 79.411622826228 64.774184147843 45.9231057208307 63.9173303602207 78.278180112781 247.61695565869 143.328953186449
"218" "FRL05" 120.804463604237 138.44233138391 69.1284372164428 107.704700283015 122.422031510045 90.700499183745 81.396077535088 48.2648074477583 64.8502614932413 86.042091835574 228.509163887252 155.550760676986
"219" "FRL06" 118.033554632578 168.724041187584 80.445497213677 110.790057260275 122.081070473089 95.525796212199 94.332147002638 67.7442180229785 75.8798696512621 82.032752365988 228.823611892853 171.405665863461
"220" "FRM01" 115.573420291763 167.830508024833 73.3240281346927 140.281019367257 119.601557362851 68.06576877842 58.455563977165 53.740082668535 68.2278718588105 49.73764877464 255.85443965902 136.293640637231
"221" "SK010" 106.731008796218 346.548147300289 80.0125230930571 104.2110320687 107.545727225002 102.814694252987 193.207294792015 50.3062250941715 50.2149758435634 106.122513714279 210.942040864918 153.02967009655
"222" "SK021" 132.604083534382 317.90790243414 81.8936284362286 139.064834729312 129.604612353781 115.914495353383 180.583189498427 62.0768053525802 69.5004031797558 94.341456230385 271.668918263694 185.414898533139
"223" "SK022" 133.64616011111 354.274365256734 81.1646214748634 119.274028814215 107.041070572811 109.129620073467 214.122011765322 63.7018645088817 61.3604834402888 118.572575322568 252.920188925325 170.490103513756
"224" "SK023" 140.516232410162 366.091907440389 86.8672563224249 137.349039663026 164.024980023808 127.211626912357 249.209056218236 64.0760293675287 71.4374617011628 118.654068423461 277.865272073188 198.64908861352
"225" "SK031" 151.741012728702 342.71343938127 104.258833407856 128.138636989649 144.476446309337 137.890630844837 220.765631518512 63.8093807111639 71.6964089722831 163.558420063509 279.879649718351 209.58703981712
"226" "SK032" 149.178320336004 397.510527739531 103.214422814673 129.192533028835 192.309869227705 127.126128943687 221.608711828907 63.9381597661825 66.9548019965841 149.146485857237 278.370853364839 194.080930940271
"227" "SK041" 157.219989310635 369.355015961815 76.8854061712079 123.288637658497 90.202334952922 131.762930847903 206.701933030907 52.2324176209927 63.5164991335874 121.46242492748 280.508626969132 195.27942998149
"228" "SK042" 147.740384505998 384.201260767349 91.4969531548071 125.090453583844 114.877958128614 134.6771061731 205.992706693539 60.2826327002452 68.0506380336389 123.161821419373 272.830838089842 202.727744206739
